0.8200836820083682
0.7056451612903225
0.6032608695652174
0.3695652173913043
0.8276896699528504
0.26918131161594516
0.2962962962962963
0.23868312757201648
0.2929133858267716
0.28503937007874014
0.35526315789473684
0.21052631578947367
0.772020725388601
0.6580310880829016
0.5118343195266273
0.272189349112426
0.41424332344213655
0.1774480712166172
0.6735537190082644
0.5661157024793388
0.516629711751663
0.3702882483370288
0.1785714285714286
0.3571428571428571
0.12369477911646587
0.1405622489959839
0.43312101910828027
0.3312101910828026
0.5490196078431373
0.33986928104575165
0.41644562334217505
0.3009950248756219
0.7062937062937062
0.4726027397260274
0.8857142857142857
0.6666666666666667
0.24875000000000003
0.15000000000000002
0.2885771543086172
0.19238476953907813
0.28230769230769226
0.15846153846153843
0.38003663003663
0.17032967032967028
0.631578947368421
0.4526315789473684
0.631578947368421
0.4526315789473684
0.8
0.7358490566037736
0.6103896103896104
0.5281385281385281
0.6585365853658536
0.5121951219512195
0.516629711751663
0.3702882483370288
0.2587786259541984
0.19465648854961837
0.09560276679841895
0.07164031620553357
0.27403846153846156
0.25240384615384615
0.5589225589225589
0.44781144781144777
0.11916461916461918
0.13636363636363635
0.4496124031007752
0.5968992248062015
0.0870845603702145
0.07151872107698776
0.2587786259541984
0.19465648854961837
0.3535353535353535
0.4444444444444444
0.3856209150326797
0.2941176470588235
0.2668621700879765
0.2727272727272727
0.28613569321533927
0.23008849557522126
0.2668621700879765
0.2727272727272727
0.36530014641288433
0.33601756954612005
0.40634920634920635
0.3047619047619048
0.6443418013856813
0.17551963048498842
0.3709677419354839
0.08225806451612905
0.516629711751663
0.3702882483370288
0.4496124031007752
0.5968992248062015
0.6301369863013699
0.44063926940639264
0.602803738317757
0.4672897196261683
0.5793650793650793
0.5196850393700787
